Dataset: KT-1
Channels: 9
F1: 0.7964601769911505
Accuracy: 0.7722772277227723
ROC_AUC: 0.8781074578989575

